Initial evaluation:
Initial alphas:
tensor([[1.0000, 0.2523, 0.2448, 0.2446, 0.2583],
        [1.0000, 0.2365, 0.2346, 0.2640, 0.2649],
        [1.0000, 0.2412, 0.2672, 0.2308, 0.2608],
        [1.0000, 0.1922, 0.3051, 0.2809, 0.2219],
        [1.0000, 0.2440, 0.2096, 0.2534, 0.2930],
        [1.0000, 0.1575, 0.2565, 0.3036, 0.2824],
        [1.0000, 0.2758, 0.3195, 0.1876, 0.2171],
        [1.0000, 0.2283, 0.2066, 0.2875, 0.2776],
        [1.0000, 0.3144, 0.1746, 0.2756, 0.2353],
        [1.0000, 0.2448, 0.2391, 0.2778, 0.2382],
        [1.0000, 0.1947, 0.1849, 0.3614, 0.2590],
        [1.0000, 0.1607, 0.3690, 0.2370, 0.2333],
        [1.0000, 0.2407, 0.2594, 0.2982, 0.2017],
        [1.0000, 0.2537, 0.2514, 0.1857, 0.3092],
        [1.0000, 0.2941, 0.2232, 0.2343, 0.2484],
        [1.0000, 0.2143, 0.3087, 0.2229, 0.2542],
        [1.0000, 0.2901, 0.2569, 0.1971, 0.2559],
        [1.0000, 0.3021, 0.1476, 0.2202, 0.3301],
        [1.0000, 0.2072, 0.2046, 0.2371, 0.3510],
        [1.0000, 0.2277, 0.1847, 0.3416, 0.2460],
        [1.0000, 0.2503, 0.2534, 0.1963, 0.3000],
        [1.0000, 0.2521, 0.2527, 0.1999, 0.2952],
        [1.0000, 0.1673, 0.2007, 0.3085, 0.3235],
        [1.0000, 0.2710, 0.2974, 0.1776, 0.2541],
        [1.0000, 0.3251, 0.2430, 0.1720, 0.2600],
        [1.0000, 0.2332, 0.2386, 0.2273, 0.3009],
        [1.0000, 0.2087, 0.2108, 0.2955, 0.2850],
        [1.0000, 0.2745, 0.2214, 0.1794, 0.3247],
        [1.0000, 0.1317, 0.4496, 0.1883, 0.2305],
        [1.0000, 0.2971, 0.4608, 0.1229, 0.1192],
        [1.0000, 0.2229, 0.2336, 0.3474, 0.1961],
        [1.0000, 0.2329, 0.1761, 0.3788, 0.2122],
        [1.0000, 0.2681, 0.2657, 0.1488, 0.3174],
        [1.0000, 0.2962, 0.2612, 0.2012, 0.2414],
        [1.0000, 0.2650, 0.1910, 0.2376, 0.3063],
        [1.0000, 0.2293, 0.2527, 0.2471, 0.2709],
        [1.0000, 0.2786, 0.2220, 0.2468, 0.2527],
        [1.0000, 0.2822, 0.1844, 0.3385, 0.1950],
        [1.0000, 0.2230, 0.2952, 0.1936, 0.2882],
        [1.0000, 0.1939, 0.1946, 0.3036, 0.3080],
        [1.0000, 0.2205, 0.2934, 0.3010, 0.1851],
        [1.0000, 0.2365, 0.2110, 0.3315, 0.2210],
        [1.0000, 0.1821, 0.1938, 0.2517, 0.3724],
        [1.0000, 0.3595, 0.2372, 0.2127, 0.1906],
        [1.0000, 0.2445, 0.2437, 0.2765, 0.2354],
        [1.0000, 0.2622, 0.2192, 0.2618, 0.2567],
        [1.0000, 0.3198, 0.1671, 0.2847, 0.2285],
        [1.0000, 0.2317, 0.2660, 0.2792, 0.2231],
        [1.0000, 0.1604, 0.2575, 0.3038, 0.2782],
        [1.0000, 0.2703, 0.1803, 0.3051, 0.2442],
        [1.0000, 0.2365, 0.3683, 0.2057, 0.1895],
        [1.0000, 0.2220, 0.2669, 0.2664, 0.2447],
        [1.0000, 0.2325, 0.2141, 0.2433, 0.3101],
        [1.0000, 0.2808, 0.1844, 0.1969, 0.3380],
        [1.0000, 0.2754, 0.2142, 0.2489, 0.2614],
        [1.0000, 0.2301, 0.2462, 0.2196, 0.3041],
        [1.0000, 0.2447, 0.3384, 0.2054, 0.2115],
        [1.0000, 0.1871, 0.2305, 0.3734, 0.2090],
        [1.0000, 0.2078, 0.2244, 0.1632, 0.4046],
        [1.0000, 0.2397, 0.2462, 0.2386, 0.2755],
        [1.0000, 0.1766, 0.2315, 0.3956, 0.1962],
        [1.0000, 0.2337, 0.2409, 0.2139, 0.3116],
        [1.0000, 0.2848, 0.1862, 0.2065, 0.3225],
        [1.0000, 0.1859, 0.3287, 0.2869, 0.1985],
        [1.0000, 0.2727, 0.2498, 0.2213, 0.2563],
        [1.0000, 0.2577, 0.2210, 0.1887, 0.3326],
        [1.0000, 0.2312, 0.2857, 0.2797, 0.2035],
        [1.0000, 0.2031, 0.3698, 0.2108, 0.2163],
        [1.0000, 0.3199, 0.1633, 0.2720, 0.2448],
        [1.0000, 0.1505, 0.3660, 0.3048, 0.1787],
        [1.0000, 0.2097, 0.3082, 0.2826, 0.1995],
        [1.0000, 0.3419, 0.2628, 0.1846, 0.2108],
        [1.0000, 0.2224, 0.2552, 0.2581, 0.2643],
        [1.0000, 0.2970, 0.2891, 0.1524, 0.2614],
        [1.0000, 0.2823, 0.2024, 0.3053, 0.2100],
        [1.0000, 0.1976, 0.2921, 0.3016, 0.2087],
        [1.0000, 0.2449, 0.2533, 0.1675, 0.3343],
        [1.0000, 0.2057, 0.2224, 0.3802, 0.1917],
        [1.0000, 0.1973, 0.1930, 0.3046, 0.3050],
        [1.0000, 0.1686, 0.3646, 0.1905, 0.2762],
        [1.0000, 0.2322, 0.2658, 0.2360, 0.2659],
        [1.0000, 0.2889, 0.2204, 0.3024, 0.1884],
        [1.0000, 0.2418, 0.2487, 0.3754, 0.1341],
        [1.0000, 0.2299, 0.3342, 0.2636, 0.1723],
        [1.0000, 0.2014, 0.2156, 0.3272, 0.2558],
        [1.0000, 0.2745, 0.2728, 0.2478, 0.2049],
        [1.0000, 0.2203, 0.2570, 0.2623, 0.2605],
        [1.0000, 0.2118, 0.4152, 0.1726, 0.2005],
        [1.0000, 0.3236, 0.1956, 0.2208, 0.2599],
        [1.0000, 0.2881, 0.3262, 0.1535, 0.2321],
        [1.0000, 0.2892, 0.2252, 0.2190, 0.2666],
        [1.0000, 0.2145, 0.3483, 0.2329, 0.2042],
        [1.0000, 0.2072, 0.2040, 0.2945, 0.2942],
        [1.0000, 0.1762, 0.2409, 0.2284, 0.3545],
        [1.0000, 0.2101, 0.2681, 0.3374, 0.1845],
        [1.0000, 0.2264, 0.2578, 0.2520, 0.2638],
        [1.0000, 0.3072, 0.2145, 0.2154, 0.2629],
        [1.0000, 0.2545, 0.2122, 0.2136, 0.3197],
        [1.0000, 0.2190, 0.2204, 0.2352, 0.3254],
        [1.0000, 0.2210, 0.2971, 0.2363, 0.2456],
        [1.0000, 0.3742, 0.1795, 0.2375, 0.2088],
        [1.0000, 0.1945, 0.1812, 0.3099, 0.3144],
        [1.0000, 0.2852, 0.2255, 0.2750, 0.2143],
        [1.0000, 0.1926, 0.2906, 0.2717, 0.2451],
        [1.0000, 0.2347, 0.2589, 0.1815, 0.3248],
        [1.0000, 0.3709, 0.2093, 0.2256, 0.1942],
        [1.0000, 0.2670, 0.2030, 0.2352, 0.2948],
        [1.0000, 0.2221, 0.2758, 0.2808, 0.2213],
        [1.0000, 0.2564, 0.1807, 0.2797, 0.2832],
        [1.0000, 0.1822, 0.1918, 0.3459, 0.2801],
        [1.0000, 0.2289, 0.3591, 0.1896, 0.2224],
        [1.0000, 0.2437, 0.2744, 0.2016, 0.2802],
        [1.0000, 0.2904, 0.2489, 0.2404, 0.2203],
        [1.0000, 0.3087, 0.2702, 0.2078, 0.2134],
        [1.0000, 0.3488, 0.2259, 0.1881, 0.2371],
        [1.0000, 0.2490, 0.2982, 0.1966, 0.2562],
        [1.0000, 0.1659, 0.2394, 0.2751, 0.3196],
        [1.0000, 0.2404, 0.3342, 0.2392, 0.1862],
        [1.0000, 0.2690, 0.1907, 0.2423, 0.2980],
        [1.0000, 0.2380, 0.2861, 0.2023, 0.2736],
        [1.0000, 0.4038, 0.1815, 0.1863, 0.2284],
        [1.0000, 0.2193, 0.1867, 0.3063, 0.2877],
        [1.0000, 0.2698, 0.3248, 0.2421, 0.1633],
        [1.0000, 0.2971, 0.2171, 0.1898, 0.2960],
        [1.0000, 0.1799, 0.2779, 0.2965, 0.2457],
        [1.0000, 0.1987, 0.2425, 0.3023, 0.2565],
        [1.0000, 0.2650, 0.1960, 0.3358, 0.2032],
        [1.0000, 0.1855, 0.2947, 0.2149, 0.3049],
        [1.0000, 0.2232, 0.2603, 0.2458, 0.2706],
        [1.0000, 0.2400, 0.1391, 0.2483, 0.3727],
        [1.0000, 0.2697, 0.2408, 0.1954, 0.2940],
        [1.0000, 0.2948, 0.2453, 0.2276, 0.2324],
        [1.0000, 0.2372, 0.4057, 0.1852, 0.1719],
        [1.0000, 0.2992, 0.3196, 0.1676, 0.2136],
        [1.0000, 0.2422, 0.2887, 0.1627, 0.3064],
        [1.0000, 0.2423, 0.2649, 0.1864, 0.3064],
        [1.0000, 0.2300, 0.2996, 0.2376, 0.2328],
        [1.0000, 0.2407, 0.3412, 0.2441, 0.1739],
        [1.0000, 0.2595, 0.3665, 0.2408, 0.1331],
        [1.0000, 0.1698, 0.2981, 0.2506, 0.2815],
        [1.0000, 0.2672, 0.1962, 0.2898, 0.2468],
        [1.0000, 0.2476, 0.2147, 0.1856, 0.3521],
        [1.0000, 0.2528, 0.1736, 0.2861, 0.2875],
        [1.0000, 0.1672, 0.3026, 0.2493, 0.2808],
        [1.0000, 0.1594, 0.2915, 0.2379, 0.3112],
        [1.0000, 0.3418, 0.2144, 0.2675, 0.1764],
        [1.0000, 0.2393, 0.2590, 0.2286, 0.2731],
        [1.0000, 0.3115, 0.2401, 0.2458, 0.2026],
        [1.0000, 0.2941, 0.2108, 0.2552, 0.2398],
        [1.0000, 0.2357, 0.2471, 0.1749, 0.3422],
        [1.0000, 0.2768, 0.2186, 0.2876, 0.2170],
        [1.0000, 0.2184, 0.3022, 0.1974, 0.2820],
        [1.0000, 0.2663, 0.3015, 0.1821, 0.2500],
        [1.0000, 0.3095, 0.2400, 0.2057, 0.2448],
        [1.0000, 0.2412, 0.1855, 0.3791, 0.1942],
        [1.0000, 0.2567, 0.2521, 0.2337, 0.2575],
        [1.0000, 0.2589, 0.2543, 0.2474, 0.2394],
        [1.0000, 0.2593, 0.2397, 0.2556, 0.2454]])
Epoch 0 Loss: 0.5628 LR: 1.00e-03 Time: 8.7s
Alphas at epoch 1:
Zeroshot weights: 1.0000
Additional tasks weights:
tensor([[0.2523, 0.2448, 0.2446, 0.2583],
        [0.2365, 0.2346, 0.2640, 0.2649],
        [0.2412, 0.2672, 0.2308, 0.2608],
        [0.2590, 0.3216, 0.2597, 0.1597],
        [0.2298, 0.2365, 0.1845, 0.3493],
        [0.1711, 0.1994, 0.4105, 0.2190],
        [0.3046, 0.2505, 0.2409, 0.2040],
        [0.2552, 0.2483, 0.1992, 0.2973],
        [0.2579, 0.2548, 0.2498, 0.2375],
        [0.1943, 0.3378, 0.2118, 0.2560],
        [0.1469, 0.2128, 0.3127, 0.3275],
        [0.1707, 0.3951, 0.1725, 0.2617],
        [0.1922, 0.3841, 0.2541, 0.1696],
        [0.2936, 0.1741, 0.1732, 0.3592],
        [0.2401, 0.3344, 0.2025, 0.2230],
        [0.2078, 0.3417, 0.2714, 0.1791],
        [0.3184, 0.2790, 0.2321, 0.1705],
        [0.3418, 0.1358, 0.2827, 0.2398],
        [0.2477, 0.1652, 0.3030, 0.2841],
        [0.2422, 0.1221, 0.3991, 0.2365],
        [0.2886, 0.1600, 0.2236, 0.3278],
        [0.3340, 0.2301, 0.1976, 0.2383],
        [0.1859, 0.1791, 0.3911, 0.2439],
        [0.2772, 0.3971, 0.1401, 0.1856],
        [0.4272, 0.2062, 0.1733, 0.1933],
        [0.3171, 0.2000, 0.1765, 0.3063],
        [0.2784, 0.1554, 0.3095, 0.2567],
        [0.3310, 0.2292, 0.1173, 0.3225],
        [0.1717, 0.3408, 0.2151, 0.2724],
        [0.4295, 0.3666, 0.1001, 0.1038],
        [0.3261, 0.1864, 0.2949, 0.1926],
        [0.2890, 0.1225, 0.3325, 0.2561],
        [0.3186, 0.1852, 0.1432, 0.3530],
        [0.3173, 0.3126, 0.2026, 0.1674],
        [0.3407, 0.1620, 0.2721, 0.2252],
        [0.2918, 0.1670, 0.2222, 0.3190],
        [0.3281, 0.1630, 0.2724, 0.2366],
        [0.2923, 0.1384, 0.3142, 0.2551],
        [0.2588, 0.2000, 0.2115, 0.3297],
        [0.2801, 0.1702, 0.2640, 0.2857],
        [0.2615, 0.2123, 0.3166, 0.2096],
        [0.3034, 0.1596, 0.3133, 0.2237],
        [0.2149, 0.1283, 0.3092, 0.3476],
        [0.4592, 0.1759, 0.1766, 0.1883],
        [0.3122, 0.1696, 0.2857, 0.2325],
        [0.3275, 0.1643, 0.2895, 0.2187],
        [0.3890, 0.1271, 0.2950, 0.1889],
        [0.3412, 0.1851, 0.2460, 0.2277],
        [0.2232, 0.2033, 0.2831, 0.2904],
        [0.1874, 0.2073, 0.2733, 0.3320],
        [0.3200, 0.2862, 0.2126, 0.1812],
        [0.2585, 0.1880, 0.3047, 0.2488],
        [0.1969, 0.2773, 0.3003, 0.2254],
        [0.1989, 0.2682, 0.2123, 0.3206],
        [0.2426, 0.2568, 0.2993, 0.2012],
        [0.1842, 0.3605, 0.2011, 0.2543],
        [0.1938, 0.4446, 0.1893, 0.1723],
        [0.1915, 0.2052, 0.4581, 0.1451],
        [0.2153, 0.3103, 0.1631, 0.3113],
        [0.2004, 0.3107, 0.1781, 0.3108],
        [0.1721, 0.3360, 0.3083, 0.1837],
        [0.2081, 0.3285, 0.1728, 0.2906],
        [0.2870, 0.2780, 0.1853, 0.2496],
        [0.1350, 0.4320, 0.2854, 0.1476],
        [0.3755, 0.2446, 0.1825, 0.1974],
        [0.3449, 0.1898, 0.2307, 0.2346],
        [0.2998, 0.2065, 0.2720, 0.2216],
        [0.2709, 0.2724, 0.2102, 0.2464],
        [0.4318, 0.1249, 0.2382, 0.2052],
        [0.2186, 0.2855, 0.2651, 0.2308],
        [0.2912, 0.2474, 0.2762, 0.1852],
        [0.4503, 0.2168, 0.1307, 0.2022],
        [0.3154, 0.1983, 0.2317, 0.2546],
        [0.3324, 0.3429, 0.1102, 0.2144],
        [0.3851, 0.2075, 0.2598, 0.1476],
        [0.2718, 0.2664, 0.2325, 0.2293],
        [0.3119, 0.2357, 0.2038, 0.2485],
        [0.3018, 0.2096, 0.3182, 0.1704],
        [0.2554, 0.1727, 0.3367, 0.2352],
        [0.2493, 0.2866, 0.2138, 0.2504],
        [0.2773, 0.1987, 0.2680, 0.2560],
        [0.3199, 0.1665, 0.3552, 0.1584],
        [0.2443, 0.1651, 0.4469, 0.1437],
        [0.2984, 0.3332, 0.2566, 0.1118],
        [0.2393, 0.1481, 0.3883, 0.2243],
        [0.3299, 0.3094, 0.1990, 0.1617],
        [0.2721, 0.2237, 0.1966, 0.3076],
        [0.2873, 0.3305, 0.1576, 0.2245],
        [0.3107, 0.1767, 0.1527, 0.3599],
        [0.3827, 0.2828, 0.1209, 0.2135],
        [0.3144, 0.1585, 0.1935, 0.3337],
        [0.2230, 0.3951, 0.1513, 0.2307],
        [0.1878, 0.2170, 0.2213, 0.3739],
        [0.1375, 0.3112, 0.1763, 0.3751],
        [0.1613, 0.3714, 0.2655, 0.2018],
        [0.2548, 0.3233, 0.1743, 0.2476],
        [0.2640, 0.2223, 0.1745, 0.3392],
        [0.3093, 0.2241, 0.1364, 0.3301],
        [0.1991, 0.2535, 0.1579, 0.3894],
        [0.1823, 0.4105, 0.2125, 0.1946],
        [0.4608, 0.1351, 0.2378, 0.1662],
        [0.2564, 0.1952, 0.3354, 0.2130],
        [0.2867, 0.2060, 0.3435, 0.1638],
        [0.2618, 0.3091, 0.2339, 0.1951],
        [0.3051, 0.2131, 0.2191, 0.2627],
        [0.3639, 0.1564, 0.2812, 0.1985],
        [0.2363, 0.2297, 0.3093, 0.2247],
        [0.3095, 0.2856, 0.2193, 0.1856],
        [0.2999, 0.1907, 0.3048, 0.2046],
        [0.2604, 0.2125, 0.2930, 0.2340],
        [0.2913, 0.3217, 0.2113, 0.1757],
        [0.1955, 0.2222, 0.2719, 0.3104],
        [0.2661, 0.3508, 0.1956, 0.1876],
        [0.3941, 0.2822, 0.1567, 0.1670],
        [0.3904, 0.2049, 0.2334, 0.1713],
        [0.2945, 0.3555, 0.1806, 0.1693],
        [0.1784, 0.2576, 0.3507, 0.2133],
        [0.2548, 0.2291, 0.3113, 0.2049],
        [0.1941, 0.2334, 0.2015, 0.3710],
        [0.3218, 0.2622, 0.1362, 0.2798],
        [0.3409, 0.1676, 0.1597, 0.3319],
        [0.2696, 0.2240, 0.2735, 0.2329],
        [0.2565, 0.3360, 0.2909, 0.1166],
        [0.3582, 0.2275, 0.1342, 0.2801],
        [0.1493, 0.3627, 0.3203, 0.1677],
        [0.2267, 0.2777, 0.2153, 0.2803],
        [0.3140, 0.2129, 0.2421, 0.2311],
        [0.2286, 0.3776, 0.1840, 0.2098],
        [0.2976, 0.2460, 0.2652, 0.1912],
        [0.2805, 0.1532, 0.3059, 0.2604],
        [0.2893, 0.2887, 0.2165, 0.2055],
        [0.3795, 0.2686, 0.1894, 0.1625],
        [0.2541, 0.4687, 0.1385, 0.1387],
        [0.3354, 0.3784, 0.1346, 0.1516],
        [0.3565, 0.2472, 0.1522, 0.2441],
        [0.2448, 0.1962, 0.1743, 0.3848],
        [0.2673, 0.3373, 0.1617, 0.2338],
        [0.2876, 0.3905, 0.1729, 0.1490],
        [0.2843, 0.4120, 0.1555, 0.1482],
        [0.2426, 0.3221, 0.2084, 0.2269],
        [0.3418, 0.1461, 0.3124, 0.1997],
        [0.2225, 0.2221, 0.2689, 0.2866],
        [0.3243, 0.1267, 0.3080, 0.2410],
        [0.2044, 0.3883, 0.2066, 0.2007],
        [0.1920, 0.2107, 0.2359, 0.3614],
        [0.4122, 0.2402, 0.2251, 0.1225],
        [0.2607, 0.1709, 0.2412, 0.3272],
        [0.3261, 0.2260, 0.1848, 0.2631],
        [0.3609, 0.1365, 0.3151, 0.1875],
        [0.2925, 0.2772, 0.1925, 0.2378],
        [0.3256, 0.1483, 0.2987, 0.2274],
        [0.2428, 0.1987, 0.2079, 0.3506],
        [0.2748, 0.2205, 0.1843, 0.3203],
        [0.3779, 0.1643, 0.2258, 0.2321],
        [0.2168, 0.1238, 0.4644, 0.1950],
        [0.2567, 0.2521, 0.2337, 0.2575],
        [0.2589, 0.2543, 0.2474, 0.2394],
        [0.2593, 0.2397, 0.2556, 0.2454]])
RESISC45: 0.83698
GTSRB: 0.73864
EuroSAT: 0.88481
Cars: 0.65116
Avg ACC: 0.77790

New best model saved with avg acc 0.7779
Epoch 1 Loss: 0.3495 LR: 9.99e-04 Time: 5.9s
Epoch 2 Loss: 0.7568 LR: 9.98e-04 Time: 5.0s
Epoch 3 Loss: 0.6996 LR: 9.96e-04 Time: 6.4s
Epoch 4 Loss: 0.4666 LR: 9.94e-04 Time: 5.6s
Epoch 5 Loss: 0.6164 LR: 9.91e-04 Time: 5.8s
Epoch 6 Loss: 0.4501 LR: 9.88e-04 Time: 6.0s
Epoch 7 Loss: 1.0071 LR: 9.84e-04 Time: 5.5s
Epoch 8 Loss: 0.5738 LR: 9.80e-04 Time: 6.5s
Epoch 9 Loss: 0.4987 LR: 9.76e-04 Time: 6.1s
Epoch 10 Loss: 0.7213 LR: 9.70e-04 Time: 6.5s
Epoch 11 Loss: 0.6859 LR: 9.65e-04 Time: 5.8s
Epoch 12 Loss: 0.4738 LR: 9.59e-04 Time: 5.8s
Epoch 13 Loss: 0.3876 LR: 9.52e-04 Time: 6.1s
Epoch 14 Loss: 0.7185 LR: 9.46e-04 Time: 7.1s
Epoch 15 Loss: 0.4915 LR: 9.38e-04 Time: 6.1s
Epoch 16 Loss: 1.2036 LR: 9.30e-04 Time: 6.4s
Epoch 17 Loss: 0.5231 LR: 9.22e-04 Time: 6.4s
Epoch 18 Loss: 1.0719 LR: 9.14e-04 Time: 6.5s
Epoch 19 Loss: 0.6576 LR: 9.05e-04 Time: 5.6s
Epoch 20 Loss: 0.7457 LR: 8.95e-04 Time: 5.5s
Epoch 21 Loss: 0.2071 LR: 8.85e-04 Time: 6.1s
Epoch 22 Loss: 1.0781 LR: 8.75e-04 Time: 6.2s
Epoch 23 Loss: 0.3018 LR: 8.64e-04 Time: 6.5s
Epoch 24 Loss: 0.2433 LR: 8.54e-04 Time: 5.8s
Epoch 25 Loss: 0.6093 LR: 8.42e-04 Time: 5.8s
Epoch 26 Loss: 0.6462 LR: 8.31e-04 Time: 6.2s
Epoch 27 Loss: 0.7753 LR: 8.19e-04 Time: 7.0s
Epoch 28 Loss: 0.3883 LR: 8.06e-04 Time: 6.0s
Epoch 29 Loss: 1.1629 LR: 7.94e-04 Time: 6.5s
Epoch 30 Loss: 0.3420 LR: 7.81e-04 Time: 5.4s
Epoch 31 Loss: 0.8879 LR: 7.68e-04 Time: 7.2s
Epoch 32 Loss: 1.1318 LR: 7.55e-04 Time: 7.0s
Epoch 33 Loss: 0.1293 LR: 7.41e-04 Time: 7.4s
Epoch 34 Loss: 0.5304 LR: 7.27e-04 Time: 7.2s
Epoch 35 Loss: 0.3808 LR: 7.13e-04 Time: 6.4s
Epoch 36 Loss: 0.1636 LR: 6.99e-04 Time: 7.1s
Epoch 37 Loss: 0.3452 LR: 6.84e-04 Time: 8.3s
Epoch 38 Loss: 0.6555 LR: 6.69e-04 Time: 6.5s
Epoch 39 Loss: 0.5204 LR: 6.55e-04 Time: 7.1s
Epoch 40 Loss: 0.4546 LR: 6.39e-04 Time: 6.1s
Epoch 41 Loss: 0.7973 LR: 6.24e-04 Time: 6.8s
Epoch 42 Loss: 0.1825 LR: 6.09e-04 Time: 6.4s
Epoch 43 Loss: 0.2600 LR: 5.94e-04 Time: 7.1s
Epoch 44 Loss: 0.4212 LR: 5.78e-04 Time: 6.8s
Epoch 45 Loss: 0.3614 LR: 5.63e-04 Time: 6.8s
Epoch 46 Loss: 0.5394 LR: 5.47e-04 Time: 7.4s
Epoch 47 Loss: 0.4557 LR: 5.31e-04 Time: 6.7s
Epoch 48 Loss: 0.5588 LR: 5.16e-04 Time: 8.1s
Epoch 49 Loss: 0.5120 LR: 5.00e-04 Time: 7.9s
Epoch 50 Loss: 0.4356 LR: 4.84e-04 Time: 7.2s
Alphas at epoch 51:
Zeroshot weights: 1.0000
Additional tasks weights:
tensor([[2.5235e-01, 2.4482e-01, 2.4457e-01, 2.5827e-01],
        [2.3652e-01, 2.3457e-01, 2.6402e-01, 2.6488e-01],
        [2.4119e-01, 2.6715e-01, 2.3081e-01, 2.6085e-01],
        [5.9079e-01, 1.1410e-01, 3.5128e-02, 2.5999e-01],
        [1.6328e-02, 7.8457e-02, 1.2725e-02, 8.9249e-01],
        [9.6549e-02, 4.1806e-02, 5.2052e-01, 3.4113e-01],
        [3.2601e-01, 9.2109e-02, 7.6993e-02, 5.0488e-01],
        [6.2837e-01, 6.3256e-02, 8.9926e-02, 2.1845e-01],
        [4.8570e-01, 1.1305e-01, 1.8161e-01, 2.1965e-01],
        [4.2643e-01, 2.5849e-02, 4.2117e-01, 1.2656e-01],
        [2.3130e-01, 2.5901e-01, 2.4902e-01, 2.6066e-01],
        [1.0326e-01, 1.3438e-01, 3.3919e-02, 7.2845e-01],
        [3.1284e-01, 1.2821e-01, 2.7126e-02, 5.3182e-01],
        [9.9296e-02, 1.5556e-02, 1.9839e-02, 8.6531e-01],
        [8.4326e-02, 4.1372e-01, 6.4098e-02, 4.3785e-01],
        [6.4200e-02, 7.5709e-01, 5.8315e-02, 1.2040e-01],
        [1.3858e-01, 6.6680e-01, 1.0665e-01, 8.7974e-02],
        [3.5155e-02, 3.2552e-02, 8.7566e-01, 5.6628e-02],
        [6.8606e-02, 4.0423e-02, 6.0037e-01, 2.9060e-01],
        [4.9405e-02, 1.0094e-02, 2.7015e-01, 6.7035e-01],
        [7.1213e-02, 6.2349e-03, 7.2635e-02, 8.4992e-01],
        [5.3482e-01, 5.0081e-02, 5.6999e-02, 3.5810e-01],
        [1.3725e-01, 9.0677e-03, 5.8606e-01, 2.6762e-01],
        [4.4568e-02, 2.6267e-02, 1.2486e-02, 9.1668e-01],
        [6.7368e-01, 1.2034e-02, 1.0353e-01, 2.1076e-01],
        [1.6292e-02, 3.2745e-03, 7.8834e-03, 9.7255e-01],
        [1.1605e-01, 1.8028e-02, 4.6827e-01, 3.9766e-01],
        [9.1445e-01, 4.6243e-02, 1.4813e-02, 2.4491e-02],
        [2.2611e-02, 2.1860e-01, 2.3357e-02, 7.3543e-01],
        [2.5119e-02, 9.5711e-01, 9.7212e-03, 8.0470e-03],
        [3.0204e-02, 4.5655e-02, 3.3947e-02, 8.9019e-01],
        [1.3793e-01, 3.7981e-01, 2.7379e-01, 2.0847e-01],
        [5.1336e-02, 1.2095e-01, 3.9954e-02, 7.8776e-01],
        [2.6247e-02, 9.3991e-01, 3.0269e-02, 3.5774e-03],
        [7.1234e-02, 3.4826e-01, 4.7544e-01, 1.0507e-01],
        [1.7526e-02, 4.0854e-01, 4.7076e-02, 5.2686e-01],
        [5.9844e-02, 7.6439e-01, 8.5090e-02, 9.0679e-02],
        [3.4308e-02, 2.5941e-01, 5.7509e-01, 1.3120e-01],
        [6.0461e-02, 1.5282e-01, 1.9296e-01, 5.9376e-01],
        [6.7424e-01, 2.4360e-02, 1.4186e-01, 1.5954e-01],
        [2.9492e-01, 3.4271e-01, 2.2506e-01, 1.3732e-01],
        [8.6745e-02, 2.7645e-01, 5.1194e-01, 1.2486e-01],
        [6.2852e-01, 1.0694e-01, 1.6442e-01, 1.0012e-01],
        [2.1165e-01, 1.9358e-01, 2.4198e-01, 3.5279e-01],
        [8.8958e-02, 3.0478e-02, 8.2124e-01, 5.9324e-02],
        [6.3119e-01, 4.5317e-02, 1.1108e-01, 2.1241e-01],
        [6.5670e-02, 1.3280e-02, 5.7521e-02, 8.6353e-01],
        [6.3478e-03, 1.8032e-02, 9.6959e-01, 6.0268e-03],
        [8.7510e-02, 7.1670e-02, 5.8595e-01, 2.5487e-01],
        [1.8233e-02, 7.0054e-01, 2.5458e-01, 2.6653e-02],
        [4.4281e-02, 7.3532e-02, 1.1083e-01, 7.7135e-01],
        [1.0988e-01, 2.7419e-01, 3.6080e-01, 2.5512e-01],
        [1.4475e-01, 4.2268e-02, 5.4491e-01, 2.6807e-01],
        [5.4503e-02, 1.1403e-01, 8.1891e-01, 1.2559e-02],
        [9.3738e-01, 8.2174e-03, 4.2029e-02, 1.2376e-02],
        [9.8071e-02, 3.4017e-01, 9.3584e-02, 4.6817e-01],
        [1.5125e-01, 2.1574e-01, 1.4025e-01, 4.9275e-01],
        [4.7723e-02, 7.6073e-01, 1.7695e-01, 1.4595e-02],
        [5.0490e-02, 1.0731e-02, 9.2787e-03, 9.2950e-01],
        [1.5014e-01, 3.6012e-01, 3.1772e-01, 1.7202e-01],
        [8.5800e-01, 1.5490e-02, 9.3787e-02, 3.2720e-02],
        [2.7783e-02, 4.5777e-01, 4.7200e-01, 4.2450e-02],
        [3.8491e-01, 1.6854e-02, 3.8549e-02, 5.5969e-01],
        [2.3454e-01, 2.7755e-01, 6.3772e-02, 4.2414e-01],
        [8.7085e-01, 2.5160e-02, 8.9493e-03, 9.5041e-02],
        [2.2764e-02, 6.9144e-01, 2.7112e-01, 1.4685e-02],
        [8.6583e-01, 6.1504e-02, 3.6831e-02, 3.5834e-02],
        [3.3829e-02, 9.9119e-02, 6.3285e-02, 8.0377e-01],
        [4.3407e-01, 7.8297e-03, 3.2192e-02, 5.2591e-01],
        [6.8337e-03, 6.0662e-03, 2.7716e-03, 9.8433e-01],
        [9.7059e-01, 4.7158e-03, 1.5328e-02, 9.3686e-03],
        [3.6082e-03, 9.8003e-01, 9.5249e-03, 6.8384e-03],
        [1.9997e-01, 4.7457e-03, 1.0928e-02, 7.8435e-01],
        [7.7496e-04, 9.9851e-01, 3.9484e-04, 3.2114e-04],
        [9.6147e-01, 3.5507e-03, 3.6058e-03, 3.1370e-02],
        [1.0479e-01, 7.9659e-01, 6.5449e-02, 3.3172e-02],
        [7.1941e-01, 3.4726e-02, 2.0418e-01, 4.1676e-02],
        [9.0188e-02, 4.1096e-01, 4.7924e-01, 1.9613e-02],
        [3.0333e-01, 1.4132e-02, 6.6727e-01, 1.5276e-02],
        [5.7898e-02, 4.5884e-02, 8.8706e-01, 9.1627e-03],
        [2.6801e-01, 1.7915e-02, 6.8765e-01, 2.6429e-02],
        [5.7404e-01, 8.1642e-02, 2.7231e-01, 7.2015e-02],
        [8.6526e-02, 1.6661e-03, 9.0881e-01, 3.0004e-03],
        [9.8517e-02, 2.5911e-02, 8.7092e-01, 4.6474e-03],
        [7.9611e-01, 4.2729e-03, 1.9191e-01, 7.7116e-03],
        [1.5538e-01, 2.4972e-01, 5.7451e-01, 2.0395e-02],
        [9.4334e-01, 3.6714e-03, 4.6534e-02, 6.4494e-03],
        [7.0879e-01, 3.4082e-02, 5.0564e-02, 2.0656e-01],
        [2.7972e-01, 1.8519e-01, 2.9957e-02, 5.0513e-01],
        [2.2996e-02, 9.6098e-01, 3.3330e-03, 1.2693e-02],
        [2.4427e-02, 5.4277e-03, 3.5769e-03, 9.6657e-01],
        [4.1166e-01, 9.2037e-02, 3.7791e-01, 1.1839e-01],
        [1.2999e-01, 2.0521e-02, 6.3235e-01, 2.1714e-01],
        [3.5214e-02, 2.9662e-02, 7.8205e-01, 1.5307e-01],
        [4.0487e-02, 1.0352e-02, 9.3539e-01, 1.3769e-02],
        [4.3684e-03, 9.8090e-01, 3.4222e-03, 1.1312e-02],
        [4.0472e-01, 2.3559e-02, 4.0637e-01, 1.6535e-01],
        [4.2465e-01, 4.7938e-01, 5.2659e-02, 4.3310e-02],
        [7.2949e-01, 2.7745e-02, 5.0781e-02, 1.9199e-01],
        [7.5217e-04, 9.9375e-01, 3.6883e-03, 1.8051e-03],
        [8.5489e-01, 2.4589e-02, 1.0462e-01, 1.5899e-02],
        [5.5326e-02, 4.7286e-01, 4.6213e-01, 9.6850e-03],
        [4.5746e-02, 4.3106e-02, 8.9608e-01, 1.5066e-02],
        [4.1764e-01, 3.9063e-01, 1.6656e-01, 2.5173e-02],
        [4.5572e-01, 6.2710e-02, 4.4399e-01, 3.7583e-02],
        [1.1460e-02, 3.5252e-02, 1.8094e-02, 9.3519e-01],
        [2.9081e-03, 1.8399e-02, 9.7205e-01, 6.6408e-03],
        [5.1989e-01, 1.6545e-01, 2.8809e-01, 2.6571e-02],
        [5.8344e-02, 3.5565e-02, 8.8306e-01, 2.3031e-02],
        [1.6907e-01, 7.5153e-01, 4.4482e-02, 3.4917e-02],
        [3.0003e-01, 1.5541e-01, 4.9894e-01, 4.5610e-02],
        [1.3328e-02, 1.6487e-02, 9.6197e-01, 8.2116e-03],
        [1.7958e-01, 7.1576e-01, 7.7782e-02, 2.6871e-02],
        [6.0124e-01, 2.6167e-01, 1.1220e-01, 2.4903e-02],
        [1.3469e-01, 1.1405e-01, 7.3671e-01, 1.4546e-02],
        [2.6941e-02, 9.5050e-01, 1.5083e-02, 7.4771e-03],
        [1.6667e-01, 1.8213e-01, 5.5201e-01, 9.9196e-02],
        [7.7419e-01, 3.4491e-02, 2.2606e-02, 1.6872e-01],
        [3.3217e-02, 2.0511e-02, 9.1802e-01, 2.8248e-02],
        [7.2017e-01, 4.9611e-02, 7.1235e-02, 1.5898e-01],
        [6.6596e-02, 9.4477e-03, 8.8307e-01, 4.0885e-02],
        [2.6445e-01, 1.3853e-01, 4.0378e-01, 1.9324e-01],
        [1.7426e-01, 4.7076e-02, 6.9166e-01, 8.7004e-02],
        [6.8961e-03, 3.4363e-02, 2.5275e-03, 9.5621e-01],
        [2.6579e-01, 1.6449e-01, 6.7667e-02, 5.0206e-01],
        [1.1450e-01, 3.3159e-01, 1.3315e-02, 5.4060e-01],
        [7.5212e-01, 1.0422e-01, 2.0067e-02, 1.2360e-01],
        [5.3021e-03, 9.8952e-01, 1.2202e-03, 3.9528e-03],
        [6.4411e-01, 3.2617e-02, 2.6596e-01, 5.7315e-02],
        [4.9535e-01, 1.3644e-01, 8.4378e-02, 2.8383e-01],
        [6.8131e-01, 7.9925e-02, 1.1043e-01, 1.2833e-01],
        [7.0074e-02, 8.5181e-02, 1.1712e-02, 8.3303e-01],
        [8.3464e-01, 5.5527e-02, 2.7516e-02, 8.2316e-02],
        [2.5828e-01, 5.3615e-01, 3.8398e-02, 1.6717e-01],
        [9.5879e-01, 7.7597e-03, 1.9782e-02, 1.3668e-02],
        [1.5123e-02, 6.5286e-02, 7.6909e-02, 8.4268e-01],
        [2.0615e-02, 2.3406e-02, 9.9330e-03, 9.4605e-01],
        [5.0944e-02, 4.3032e-01, 1.0387e-02, 5.0835e-01],
        [8.6913e-01, 2.3721e-02, 1.6856e-02, 9.0295e-02],
        [9.0736e-02, 1.2680e-01, 2.5152e-02, 7.5731e-01],
        [3.3876e-01, 7.0700e-02, 4.2410e-01, 1.6643e-01],
        [4.0040e-02, 1.5827e-02, 8.4435e-02, 8.5970e-01],
        [3.5076e-01, 8.5825e-02, 5.0656e-01, 5.6856e-02],
        [1.4790e-02, 9.5209e-01, 8.3492e-03, 2.4767e-02],
        [4.3700e-02, 1.0539e-01, 8.1121e-01, 3.9705e-02],
        [8.1582e-02, 8.3820e-01, 3.1504e-02, 4.8718e-02],
        [2.4488e-01, 9.7226e-02, 2.4738e-01, 4.1051e-01],
        [1.8901e-01, 7.0265e-01, 6.2706e-02, 4.5636e-02],
        [1.2853e-01, 8.0305e-01, 3.2176e-02, 3.6246e-02],
        [8.8497e-01, 5.0972e-02, 1.7707e-02, 4.6354e-02],
        [9.4648e-01, 1.6388e-02, 1.4964e-02, 2.2169e-02],
        [3.3007e-01, 1.8488e-01, 3.4783e-01, 1.3722e-01],
        [1.1686e-01, 2.8140e-01, 4.9722e-01, 1.0452e-01],
        [4.4163e-01, 6.0566e-02, 3.8931e-01, 1.0850e-01],
        [3.5610e-02, 1.3416e-02, 9.0018e-01, 5.0791e-02],
        [2.5666e-01, 2.5214e-01, 2.3374e-01, 2.5746e-01],
        [2.5889e-01, 2.5432e-01, 2.4739e-01, 2.3941e-01],
        [2.5930e-01, 2.3974e-01, 2.5556e-01, 2.4540e-01]])
RESISC45: 0.77841
GTSRB: 0.90586
EuroSAT: 0.94111
Cars: 0.65676
Avg ACC: 0.82054

New best model saved with avg acc 0.8205
Epoch 51 Loss: 0.2751 LR: 4.69e-04 Time: 6.5s
Epoch 52 Loss: 0.4561 LR: 4.53e-04 Time: 7.4s
Epoch 53 Loss: 0.7951 LR: 4.37e-04 Time: 6.0s
Epoch 54 Loss: 0.7090 LR: 4.22e-04 Time: 6.8s
Epoch 55 Loss: 0.5185 LR: 4.06e-04 Time: 7.6s
Epoch 56 Loss: 0.1086 LR: 3.91e-04 Time: 6.7s
Epoch 57 Loss: 0.2395 LR: 3.76e-04 Time: 6.6s
Epoch 58 Loss: 0.6817 LR: 3.61e-04 Time: 6.7s
Epoch 59 Loss: 0.7754 LR: 3.45e-04 Time: 6.6s
Epoch 60 Loss: 0.6440 LR: 3.31e-04 Time: 6.6s
Epoch 61 Loss: 0.4175 LR: 3.16e-04 Time: 5.9s
Epoch 62 Loss: 0.4342 LR: 3.01e-04 Time: 6.0s
Epoch 63 Loss: 0.2622 LR: 2.87e-04 Time: 6.3s
Epoch 64 Loss: 0.8290 LR: 2.73e-04 Time: 6.3s
Epoch 65 Loss: 0.3614 LR: 2.59e-04 Time: 5.6s
Epoch 66 Loss: 0.9006 LR: 2.45e-04 Time: 5.6s
Epoch 67 Loss: 0.4138 LR: 2.32e-04 Time: 6.4s
Epoch 68 Loss: 0.2244 LR: 2.19e-04 Time: 6.4s
Epoch 69 Loss: 0.2908 LR: 2.06e-04 Time: 6.0s
Epoch 70 Loss: 0.6953 LR: 1.94e-04 Time: 6.0s
Epoch 71 Loss: 0.9345 LR: 1.81e-04 Time: 6.4s
Epoch 72 Loss: 0.3697 LR: 1.69e-04 Time: 6.1s
Epoch 73 Loss: 1.0640 LR: 1.58e-04 Time: 6.7s
Epoch 74 Loss: 0.5913 LR: 1.46e-04 Time: 7.6s
Epoch 75 Loss: 0.4928 LR: 1.36e-04 Time: 7.8s
Epoch 76 Loss: 0.5803 LR: 1.25e-04 Time: 6.9s
Epoch 77 Loss: 0.7826 LR: 1.15e-04 Time: 6.4s
Epoch 78 Loss: 0.6443 LR: 1.05e-04 Time: 6.4s
Epoch 79 Loss: 0.5914 LR: 9.55e-05 Time: 6.5s
Epoch 80 Loss: 0.4732 LR: 8.65e-05 Time: 6.8s
Epoch 81 Loss: 0.7000 LR: 7.78e-05 Time: 6.3s
Epoch 82 Loss: 0.2258 LR: 6.96e-05 Time: 8.0s
Epoch 83 Loss: 0.6060 LR: 6.18e-05 Time: 6.3s
Epoch 84 Loss: 0.2068 LR: 5.45e-05 Time: 6.8s
Epoch 85 Loss: 0.5160 LR: 4.76e-05 Time: 7.3s
Epoch 86 Loss: 0.2398 LR: 4.11e-05 Time: 5.8s
Epoch 87 Loss: 1.2290 LR: 3.51e-05 Time: 6.6s
Epoch 88 Loss: 0.8626 LR: 2.96e-05 Time: 7.2s
Epoch 89 Loss: 0.6508 LR: 2.45e-05 Time: 6.7s
Epoch 90 Loss: 0.4774 LR: 1.99e-05 Time: 6.6s
Epoch 91 Loss: 1.0068 LR: 1.57e-05 Time: 6.2s
Epoch 92 Loss: 0.2578 LR: 1.20e-05 Time: 6.3s
Epoch 93 Loss: 0.6944 LR: 8.86e-06 Time: 7.0s
Epoch 94 Loss: 0.7731 LR: 6.16e-06 Time: 7.8s
Epoch 95 Loss: 0.1790 LR: 3.94e-06 Time: 6.1s
Epoch 96 Loss: 0.5251 LR: 2.22e-06 Time: 7.4s
Epoch 97 Loss: 0.1588 LR: 9.87e-07 Time: 7.0s
Epoch 98 Loss: 0.5316 LR: 2.47e-07 Time: 7.1s
Epoch 99 Loss: 0.6585 LR: 0.00e+00 Time: 5.9s
Epoch 100 Loss: 0.2891 LR: 2.47e-07 Time: 7.8s
Alphas at epoch 101:
Zeroshot weights: 1.0000
Additional tasks weights:
tensor([[2.5235e-01, 2.4482e-01, 2.4457e-01, 2.5827e-01],
        [2.3652e-01, 2.3457e-01, 2.6402e-01, 2.6488e-01],
        [2.4119e-01, 2.6715e-01, 2.3081e-01, 2.6085e-01],
        [6.1157e-01, 1.2729e-01, 3.6396e-02, 2.2475e-01],
        [1.9664e-02, 1.1021e-01, 1.5284e-02, 8.5484e-01],
        [9.0409e-02, 3.0558e-02, 5.3585e-01, 3.4318e-01],
        [1.9469e-01, 1.0103e-01, 8.6260e-02, 6.1802e-01],
        [6.3877e-01, 5.6193e-02, 9.0192e-02, 2.1485e-01],
        [2.9546e-01, 1.8675e-01, 2.1112e-01, 3.0667e-01],
        [4.0915e-01, 2.2583e-02, 4.4629e-01, 1.2198e-01],
        [1.9775e-01, 2.4843e-01, 2.0920e-01, 3.4461e-01],
        [1.0008e-01, 1.2328e-01, 3.2283e-02, 7.4436e-01],
        [3.6117e-01, 1.1924e-01, 2.6869e-02, 4.9273e-01],
        [8.8913e-02, 1.5494e-02, 1.7827e-02, 8.7777e-01],
        [6.6397e-02, 4.7192e-01, 5.6699e-02, 4.0498e-01],
        [5.4056e-02, 7.7794e-01, 4.5616e-02, 1.2239e-01],
        [8.9654e-02, 7.5814e-01, 8.7048e-02, 6.5160e-02],
        [3.1026e-02, 2.0309e-02, 8.9936e-01, 4.9309e-02],
        [5.4055e-02, 2.8292e-02, 6.8949e-01, 2.2816e-01],
        [2.8214e-02, 6.2730e-03, 1.4870e-01, 8.1681e-01],
        [4.4896e-02, 4.4334e-03, 5.3192e-02, 8.9748e-01],
        [5.1756e-01, 4.0200e-02, 4.7966e-02, 3.9427e-01],
        [1.5420e-01, 8.8462e-03, 5.9261e-01, 2.4434e-01],
        [2.9792e-02, 1.6578e-02, 7.6461e-03, 9.4598e-01],
        [7.4699e-01, 9.1725e-03, 7.0184e-02, 1.7366e-01],
        [1.3255e-02, 2.5859e-03, 6.1339e-03, 9.7803e-01],
        [1.1416e-01, 1.5423e-02, 5.5660e-01, 3.1382e-01],
        [9.4211e-01, 3.2759e-02, 9.2070e-03, 1.5927e-02],
        [1.9102e-02, 1.3550e-01, 1.8926e-02, 8.2647e-01],
        [2.7338e-02, 9.5260e-01, 1.0778e-02, 9.2831e-03],
        [3.1555e-02, 4.0881e-02, 3.4088e-02, 8.9348e-01],
        [1.5366e-01, 3.1979e-01, 2.8346e-01, 2.4309e-01],
        [4.3159e-02, 7.1651e-02, 3.1351e-02, 8.5384e-01],
        [3.4872e-02, 9.1866e-01, 4.1912e-02, 4.5590e-03],
        [6.1864e-02, 4.0294e-01, 4.5427e-01, 8.0926e-02],
        [1.6715e-02, 3.5660e-01, 4.4375e-02, 5.8231e-01],
        [5.1690e-02, 8.1560e-01, 6.5128e-02, 6.7586e-02],
        [3.1977e-02, 2.1467e-01, 6.3001e-01, 1.2334e-01],
        [5.7139e-02, 9.5191e-02, 1.8326e-01, 6.6441e-01],
        [8.0267e-01, 1.7012e-02, 7.4899e-02, 1.0542e-01],
        [3.4272e-01, 2.8357e-01, 2.1827e-01, 1.5544e-01],
        [9.8733e-02, 3.4655e-01, 4.2224e-01, 1.3248e-01],
        [6.8126e-01, 1.0482e-01, 1.3476e-01, 7.9161e-02],
        [2.6533e-01, 2.2069e-01, 1.9214e-01, 3.2184e-01],
        [1.0534e-01, 3.6500e-02, 7.9390e-01, 6.4266e-02],
        [5.7137e-01, 5.1568e-02, 1.0928e-01, 2.6777e-01],
        [7.3821e-02, 1.6715e-02, 6.7150e-02, 8.4231e-01],
        [6.5986e-03, 1.8017e-02, 9.6949e-01, 5.8990e-03],
        [1.0988e-01, 9.1656e-02, 5.0582e-01, 2.9264e-01],
        [1.8482e-02, 7.0248e-01, 2.5558e-01, 2.3467e-02],
        [5.2750e-02, 8.0147e-02, 1.4057e-01, 7.2653e-01],
        [1.1199e-01, 2.2404e-01, 3.7748e-01, 2.8650e-01],
        [8.7082e-02, 3.0907e-02, 6.9520e-01, 1.8681e-01],
        [4.3688e-02, 1.0581e-01, 8.3969e-01, 1.0813e-02],
        [9.1801e-01, 9.7317e-03, 5.6889e-02, 1.5369e-02],
        [1.0818e-01, 3.4754e-01, 1.0309e-01, 4.4120e-01],
        [1.7151e-01, 1.9836e-01, 1.6279e-01, 4.6733e-01],
        [5.4511e-02, 7.1270e-01, 2.1649e-01, 1.6294e-02],
        [4.1455e-02, 8.4099e-03, 6.9146e-03, 9.4322e-01],
        [1.4040e-01, 4.5929e-01, 2.4440e-01, 1.5591e-01],
        [8.9351e-01, 1.2512e-02, 6.6383e-02, 2.7591e-02],
        [2.7561e-02, 4.6952e-01, 4.6913e-01, 3.3788e-02],
        [4.3095e-01, 1.5615e-02, 3.4549e-02, 5.1889e-01],
        [2.3900e-01, 2.5921e-01, 6.8920e-02, 4.3286e-01],
        [8.6552e-01, 2.4393e-02, 8.8315e-03, 1.0126e-01],
        [2.1136e-02, 7.7325e-01, 1.9322e-01, 1.2386e-02],
        [8.9245e-01, 4.8084e-02, 3.1115e-02, 2.8349e-02],
        [3.4319e-02, 9.6347e-02, 6.1378e-02, 8.0796e-01],
        [3.7156e-01, 6.9482e-03, 2.8189e-02, 5.9330e-01],
        [7.9090e-03, 6.8294e-03, 3.0763e-03, 9.8219e-01],
        [9.7359e-01, 4.1747e-03, 1.3694e-02, 8.5398e-03],
        [3.2392e-03, 9.8202e-01, 8.8751e-03, 5.8625e-03],
        [2.0191e-01, 4.5661e-03, 9.8848e-03, 7.8364e-01],
        [7.7067e-04, 9.9854e-01, 3.8740e-04, 3.0545e-04],
        [9.6937e-01, 2.8571e-03, 2.7755e-03, 2.5001e-02],
        [1.0084e-01, 8.0345e-01, 6.5932e-02, 2.9781e-02],
        [8.2289e-01, 2.2405e-02, 1.1654e-01, 3.8166e-02],
        [9.8510e-02, 3.6212e-01, 5.2085e-01, 1.8518e-02],
        [4.2967e-01, 1.5779e-02, 5.3660e-01, 1.7958e-02],
        [6.7814e-02, 4.7594e-02, 8.7386e-01, 1.0728e-02],
        [3.2209e-01, 1.7115e-02, 6.2150e-01, 3.9300e-02],
        [6.9262e-01, 4.5758e-02, 2.1870e-01, 4.2925e-02],
        [5.7440e-02, 1.3062e-03, 9.3876e-01, 2.4911e-03],
        [9.4899e-02, 1.8873e-02, 8.8272e-01, 3.5032e-03],
        [8.2215e-01, 3.4397e-03, 1.6758e-01, 6.8329e-03],
        [1.5791e-01, 1.8354e-01, 6.4307e-01, 1.5484e-02],
        [9.5453e-01, 3.1067e-03, 3.6306e-02, 6.0568e-03],
        [8.5141e-01, 1.7505e-02, 3.0821e-02, 1.0027e-01],
        [2.5498e-01, 1.0968e-01, 2.1413e-02, 6.1393e-01],
        [2.7298e-02, 9.5640e-01, 3.7031e-03, 1.2602e-02],
        [2.6704e-02, 5.0048e-03, 3.5394e-03, 9.6475e-01],
        [5.1352e-01, 7.9189e-02, 2.9019e-01, 1.1710e-01],
        [1.7919e-01, 2.3115e-02, 5.5366e-01, 2.4404e-01],
        [3.1610e-02, 2.0724e-02, 8.0873e-01, 1.3893e-01],
        [5.5782e-02, 1.1002e-02, 9.1850e-01, 1.4716e-02],
        [3.9918e-03, 9.8304e-01, 3.1692e-03, 9.7959e-03],
        [4.7318e-01, 2.2771e-02, 3.5342e-01, 1.5063e-01],
        [5.9961e-01, 3.1862e-01, 5.0029e-02, 3.1746e-02],
        [8.6549e-01, 1.6421e-02, 2.6393e-02, 9.1695e-02],
        [5.9243e-04, 9.9526e-01, 2.7107e-03, 1.4324e-03],
        [9.0853e-01, 1.5347e-02, 6.6680e-02, 9.4439e-03],
        [6.2061e-02, 4.1201e-01, 5.1654e-01, 9.3953e-03],
        [3.4014e-02, 2.9107e-02, 9.2568e-01, 1.1202e-02],
        [5.3647e-01, 3.0167e-01, 1.4169e-01, 2.0162e-02],
        [5.0022e-01, 5.2677e-02, 4.1597e-01, 3.1131e-02],
        [7.6386e-03, 2.1590e-02, 1.1923e-02, 9.5885e-01],
        [2.6863e-03, 1.7859e-02, 9.7347e-01, 5.9820e-03],
        [5.4932e-01, 1.4365e-01, 2.8013e-01, 2.6900e-02],
        [4.1052e-02, 2.5109e-02, 9.1709e-01, 1.6746e-02],
        [1.7865e-01, 7.4863e-01, 3.8310e-02, 3.4409e-02],
        [3.8471e-01, 1.3968e-01, 4.3179e-01, 4.3816e-02],
        [1.0144e-02, 1.1586e-02, 9.7215e-01, 6.1237e-03],
        [1.4609e-01, 7.7584e-01, 5.3776e-02, 2.4299e-02],
        [7.0510e-01, 1.6467e-01, 1.0742e-01, 2.2810e-02],
        [7.3962e-02, 6.2256e-02, 8.5569e-01, 8.0903e-03],
        [3.1602e-02, 9.4334e-01, 1.6478e-02, 8.5745e-03],
        [1.9782e-01, 1.6498e-01, 5.2865e-01, 1.0855e-01],
        [8.1539e-01, 2.8631e-02, 1.9395e-02, 1.3658e-01],
        [2.3483e-02, 1.4365e-02, 9.4307e-01, 1.9077e-02],
        [8.2349e-01, 3.2473e-02, 4.7602e-02, 9.6438e-02],
        [5.0597e-02, 5.7518e-03, 9.1877e-01, 2.4879e-02],
        [3.1087e-01, 1.1548e-01, 3.6784e-01, 2.0581e-01],
        [2.3700e-01, 4.6117e-02, 6.0670e-01, 1.1019e-01],
        [7.0182e-03, 2.9446e-02, 2.3591e-03, 9.6118e-01],
        [3.1595e-01, 1.7282e-01, 4.6893e-02, 4.6434e-01],
        [1.3699e-01, 2.7363e-01, 1.2707e-02, 5.7668e-01],
        [8.5620e-01, 6.9108e-02, 1.2135e-02, 6.2554e-02],
        [5.6296e-03, 9.8866e-01, 1.2995e-03, 4.4110e-03],
        [7.8517e-01, 2.0185e-02, 1.5687e-01, 3.7776e-02],
        [5.1685e-01, 1.0570e-01, 8.2761e-02, 2.9469e-01],
        [7.3545e-01, 7.0487e-02, 9.4257e-02, 9.9807e-02],
        [6.4630e-02, 5.8931e-02, 1.0264e-02, 8.6617e-01],
        [8.5000e-01, 4.6855e-02, 2.3983e-02, 7.9166e-02],
        [4.4898e-01, 2.8062e-01, 4.7508e-02, 2.2290e-01],
        [9.6584e-01, 6.4947e-03, 1.5710e-02, 1.1954e-02],
        [1.2483e-02, 4.5630e-02, 5.8823e-02, 8.8306e-01],
        [1.3098e-02, 1.4913e-02, 6.3431e-03, 9.6565e-01],
        [5.6726e-02, 3.7941e-01, 1.1039e-02, 5.5283e-01],
        [9.4451e-01, 1.2331e-02, 9.2344e-03, 3.3920e-02],
        [1.1009e-01, 8.8081e-02, 2.4295e-02, 7.7753e-01],
        [4.2663e-01, 4.0387e-02, 4.1952e-01, 1.1346e-01],
        [3.3092e-02, 9.9105e-03, 8.9130e-02, 8.6787e-01],
        [4.2934e-01, 6.9926e-02, 4.4149e-01, 5.9248e-02],
        [2.5874e-02, 9.0426e-01, 1.6675e-02, 5.3190e-02],
        [3.3930e-02, 5.6513e-02, 8.8059e-01, 2.8967e-02],
        [1.4768e-01, 6.6176e-01, 5.3671e-02, 1.3688e-01],
        [3.5762e-01, 7.6772e-02, 2.8903e-01, 2.7658e-01],
        [1.3495e-01, 7.3656e-01, 7.9985e-02, 4.8507e-02],
        [1.2366e-01, 8.1554e-01, 3.1722e-02, 2.9074e-02],
        [9.3921e-01, 2.5768e-02, 1.0081e-02, 2.4942e-02],
        [9.6573e-01, 1.0416e-02, 1.0019e-02, 1.3834e-02],
        [3.0592e-01, 1.8388e-01, 3.9944e-01, 1.1076e-01],
        [8.7413e-02, 2.3994e-01, 5.9411e-01, 7.8545e-02],
        [4.3391e-01, 5.1171e-02, 4.2446e-01, 9.0461e-02],
        [1.4247e-02, 6.1100e-03, 9.6067e-01, 1.8975e-02],
        [2.5666e-01, 2.5214e-01, 2.3374e-01, 2.5746e-01],
        [2.5889e-01, 2.5432e-01, 2.4739e-01, 2.3941e-01],
        [2.5930e-01, 2.3974e-01, 2.5556e-01, 2.4540e-01]])
RESISC45: 0.80619
GTSRB: 0.89319
EuroSAT: 0.94444
Cars: 0.66285
Avg ACC: 0.82667

New best model saved with avg acc 0.8267
Epoch 101 Loss: 0.7738 LR: 9.87e-07 Time: 7.4s
Epoch 102 Loss: 0.4446 LR: 2.22e-06 Time: 7.2s
Epoch 103 Loss: 0.3468 LR: 3.94e-06 Time: 7.1s
Epoch 104 Loss: 0.6046 LR: 6.16e-06 Time: 6.6s
Epoch 105 Loss: 0.7517 LR: 8.86e-06 Time: 7.3s
Epoch 106 Loss: 0.7159 LR: 1.20e-05 Time: 6.6s
Epoch 107 Loss: 0.3211 LR: 1.57e-05 Time: 7.2s
Epoch 108 Loss: 0.5849 LR: 1.99e-05 Time: 6.4s
Epoch 109 Loss: 0.5434 LR: 2.45e-05 Time: 6.7s
Epoch 110 Loss: 0.1056 LR: 2.96e-05 Time: 7.0s
Epoch 111 Loss: 0.6522 LR: 3.51e-05 Time: 5.8s
Epoch 112 Loss: 0.5409 LR: 4.11e-05 Time: 6.2s
Epoch 113 Loss: 0.1722 LR: 4.76e-05 Time: 6.3s
Epoch 114 Loss: 0.4644 LR: 5.45e-05 Time: 9.1s
Epoch 115 Loss: 0.2127 LR: 6.18e-05 Time: 7.5s
Epoch 116 Loss: 0.6903 LR: 6.96e-05 Time: 7.6s
Epoch 117 Loss: 0.4401 LR: 7.78e-05 Time: 6.6s
Epoch 118 Loss: 0.3483 LR: 8.65e-05 Time: 7.3s
Epoch 119 Loss: 0.8577 LR: 9.55e-05 Time: 8.2s
Epoch 120 Loss: 0.2480 LR: 1.05e-04 Time: 7.2s
Epoch 121 Loss: 0.8274 LR: 1.15e-04 Time: 8.7s
Epoch 122 Loss: 0.8503 LR: 1.25e-04 Time: 6.8s
Epoch 123 Loss: 0.5003 LR: 1.36e-04 Time: 7.2s
Epoch 124 Loss: 0.5909 LR: 1.46e-04 Time: 7.2s
Epoch 125 Loss: 0.3277 LR: 1.58e-04 Time: 6.6s
Epoch 126 Loss: 0.6158 LR: 1.69e-04 Time: 8.6s
Epoch 127 Loss: 0.2019 LR: 1.81e-04 Time: 7.9s
Epoch 128 Loss: 0.9885 LR: 1.94e-04 Time: 8.8s
Epoch 129 Loss: 0.5876 LR: 2.06e-04 Time: 7.1s
Epoch 130 Loss: 0.3064 LR: 2.19e-04 Time: 8.9s
Epoch 131 Loss: 0.5395 LR: 2.32e-04 Time: 6.9s
Epoch 132 Loss: 0.4592 LR: 2.45e-04 Time: 6.6s
Epoch 133 Loss: 0.8594 LR: 2.59e-04 Time: 7.2s
Epoch 134 Loss: 0.3518 LR: 2.73e-04 Time: 8.8s
Epoch 135 Loss: 0.6119 LR: 2.87e-04 Time: 8.8s
Epoch 136 Loss: 0.2750 LR: 3.01e-04 Time: 8.3s
Epoch 137 Loss: 0.3538 LR: 3.16e-04 Time: 7.4s
Epoch 138 Loss: 0.4477 LR: 3.31e-04 Time: 7.2s
Epoch 139 Loss: 0.4288 LR: 3.45e-04 Time: 7.2s
